MD.TypeOfRun         cg
MD.NumCGsteps         0
MD.MaxCGDispl         0.1  Ang
MD.MaxForceTol        0.002  eV/Ang
 
%block Atomic_Coordinates_and_Atomic_Species
   -0.12091096   -8.78611828    6.79727722   1
  -13.08390355   -9.12803304   -8.04882827   1
   -7.81380109  -12.46229754  -11.83978958   1
  -10.22888399    8.37728738  -10.64367741   1
   13.08014918   12.84063001   13.51704553   1
    9.01530205  -11.08641868    0.78048654   1
  -13.86190290   -3.71818385   -0.67758199   1
   -2.92008383   -4.88326065   12.74544392   1
    0.74507448   -1.62906963    6.11105578   1
   -1.08409067    0.07736347   -0.54026819   1
   -1.48764258   -3.49607842   -1.32257504   1
   -2.74705372   12.94923820   12.73110055   1
   12.09765917  -11.52298601   11.65897609   1
    8.94411503    2.80589616   -4.37549083   1
   -5.61781477   12.07673160   -4.92560440   1
  -11.71918577   -6.11382230    8.06111063   1
   -5.34432747  -10.43424474    4.92936563   1
    5.60920555    9.33832752   -1.42304108   1
   -2.67710726   10.40921435    5.16071424   1
    8.68475981   13.05261469    1.24447476   1
   -2.34323668   -9.63720090    1.51327467   1
    3.11913297   -4.09783818    7.12416068   1
    4.94069888    2.56981011   -9.96456678   1
   10.53850228  -13.40186773   -3.74315359   1
    0.23980699  -12.79345513   -8.57850917   1
   -0.23594617    9.70682109   -6.28281910   1
   13.02873773   -9.52948021    3.62066515   1
   -4.98346311   -8.50210221    9.29715543   1
  -10.07064762    3.20170790  -12.23773105   1
   -0.32107169   -5.35716722    5.48904255   1
    4.89568693   -5.92792758  -13.51545385   1
  -11.05539984   -8.81900417   -4.86430271   1
  -10.83072097    2.83328599    3.40761813   1
    9.85297512  -11.15009158   12.41877353   1
    8.33369422    6.10140407   12.66650732   1
  -12.09686039   -0.63658201    3.71121261   1
   10.90026441    6.63393652   -7.46442884   1
    7.00074982   -0.67133506   -4.76148835   1
   -5.60839575    2.80708594   -9.53419642   1
   10.95083249    0.50787126    1.41258046   1
   10.90216394    7.18229215   -0.01639762   1
   10.78528931   -2.58883071    9.02614280   1
    4.59409991    0.80062294   11.55820000   1
    8.95156370   -8.98671559   -4.52882050   1
    1.15595600   13.03360782   -1.41467485   1
   -4.08331991   11.07604592   -8.08274243   1
  -13.34774969    7.68874531  -13.12376044   1
    6.72626993    4.97057932   -2.02803035   1
  -12.70231383   -7.33142374   -1.76078926   1
   10.08360837    4.87918288    9.08487498   1
    1.18748320   -9.34022998    0.87975211   1
    7.61972304    2.49264294    1.55241436   1
   -3.26164303   -7.64487380   -5.31338300   1
   -0.06648991   -6.16910748   14.78007409   1
    6.95717576   -5.82956711   11.16924652   1
    4.66243701   -3.10137551   -8.25156568   1
    1.81213723   -8.74941633    3.15071602   1
    5.72237237   11.80169705    9.44840180   1
   -0.36999923   11.79368451    7.40181385   1
   -4.41683803    4.44786662    0.40782004   1
    2.28267224    3.24910419  -12.63370647   1
   -8.97465382    0.74488913   -4.39089730   1
    8.14676219   11.66457921    9.38854898   1
    5.36753847    0.13946610  -10.43674062   1
   -7.38442088   -5.78039990   -6.23946496   1
    7.14058959    5.17380000    3.68486212   1
  -11.69153468   13.24331226  -11.72766421   1
   -3.13717317    7.17177175   -3.96213561   1
   -0.02201908   12.19060227   -3.27571209   1
    7.17354028    3.13411335   -9.33985949   1
   10.47413265  -10.43496483  -13.09544328   1
   13.99738383    9.77407111  -10.08926367   1
   13.39656248   -6.66933454    1.53755083   1
   -3.26429779    3.50169394  -12.80985001   1
   -1.47565855    1.94715988  -12.20923794   1
    3.01700009   10.72997345   10.79863775   1
    2.63317628   -4.29900804   11.27491488   1
    7.72539419   -7.83969627   12.24843552   1
    3.75778295  -10.92789612    7.68723552   1
   -3.97070298   -1.03991351  -11.27518973   1
    7.12710670    7.55376965    9.08966314   1
   -8.83610601    3.99104430   -6.28208981   1
   11.17010338   -8.71797647   -1.45114565   1
  -13.37233463   -0.42124884    5.79732303   1
    0.90645658   -5.63898867   -9.41003911   1
    5.62879760   -9.64189667    2.53123130   1
   -0.71984585   -2.48080082   -8.02694664   1
    9.60964230  -12.77050403    8.12841643   1
   -2.24988821    3.27566347   -2.76984941   1
   -3.67444073    5.82712310  -11.77398416   1
   11.93884319    4.58187072    2.41576065   1
    0.64259028   12.46936148  -11.92836198   1
   -7.72939884    0.40414544  -12.20651758   1
  -10.25978979    9.52361631   -7.38138934   1
   -5.16700489  -13.69639633   -3.82666180   1
  -10.02345984   -6.81376101   -3.98716144   1
   10.19073996   -7.97530482   -7.85939923   1
   13.15335949    9.48815983   11.48917926   1
   -2.16506171   10.20193592  -12.37069298   1
   -0.10756491    6.17413489   -1.26590041   1
   -4.79854161   11.77906739    8.15723172   1
  -12.68401055   -1.60199285   -3.58962157   1
    9.18423667  -13.06815330  -10.72629710   1
   -8.67446427   -4.76699614    5.14726820   1
   -9.87485746   -1.25307235    4.18515093   1
    2.98920340   -2.21033673    5.74192737   1
    9.78273086    9.83431086   -9.36162878   1
   11.43913079    5.35546858   -5.49646610   1
   -4.02918315    1.35443382    2.76486644   1
   -3.21882206   -9.11729828  -14.02793904   1
  -13.79031426   13.70829518   -8.08406511   1
    1.33560221  -11.97114997    7.73620745   1
   11.24133478    6.90047799  -11.15065249   1
   12.98259980    7.70238892    1.00129536   1
   -3.36892865   -2.92086535    8.54276933   1
  -10.58767284  -13.18945011    5.38640380   1
   -7.77705355    4.83628626   -1.62532480   1
    8.67369092    2.49151896  -12.95979217   1
   -8.79009422   -8.62909629   13.05746475   1
    8.89969832    2.09138452  -10.61070328   1
   12.76500803    5.90362046  -12.81296684   1
   -9.29212108  -12.16257900   -0.18216954   1
   -0.90857177  -13.30209915    4.68142907   1
    6.01735946   -8.48981858  -11.26926496   1
  -13.04870730    6.83828644   -6.59409754   1
    2.60765745   12.39254647   -6.87168681   1
   -8.05547365    6.38355605    4.04167876   1
   11.31177057  -13.88924647  -11.30540169   1
   -6.81575056  -11.08136104    6.67586740   1
  -12.88053039   -5.54534914   -6.74240485   1
    5.08187588   11.21106830    7.15111123   1
  -12.86881642  -10.52896239    6.26006541   1
   -2.70056563   -2.57669832  -12.57452281   1
  -10.95844150   -4.90687255   -5.22646635   1
    5.40485703   -4.48716002    7.60299591   1
    6.02927223   -6.43762090    0.18117499   1
    9.62999454    2.15225526    5.23473559   1
    2.83366192   -9.08713455   -0.77080277   1
    6.35841268  -12.81388659   11.37015602   1
   13.10606692  -11.88322650    3.80009659   1
    9.60226476   -3.26616685   -1.75671033   1
   -1.01982710    0.63424060   13.59097516   1
    9.25507342    9.79001345   -2.00654807   1
    3.96554492    9.14661373    6.89056448   1
  -10.84908536   -4.20995244   11.13628285   1
   -6.08784305    8.63231745    1.17937394   1
    1.94598451   -5.81439936    5.84243315   1
   11.46787963   -0.95286393   10.61513085   1
   13.70713241    1.76918648   12.23917346   1
    7.71796355    1.13752262    7.78916606   1
    0.27043202   12.13521885    0.57809734   1
    0.03516347    9.18385059    2.38850431   1
  -12.27600966   -7.04348220    4.90696814   1
    8.31929020   -1.98705627    3.64673636   1
  -13.49882089  -13.37206761   -4.07191613   1
   -2.95601225  -10.21571204   -8.55247677   1
    1.95310966   -2.77276305    1.59982397   1
    8.84810683    8.48914186    5.38859215   1
    1.53518647  -13.76053495   12.54433523   1
    2.16585705    6.85611293   -1.20226547   1
    4.44312102   -7.01144226  -10.06479033   1
    5.73680642  -11.44619219   -9.17112759   1
    5.08459195    1.29473245   13.84083518   1
   -0.22976480    7.19015933  -13.30653515   1
   12.95379041  -12.67043860    9.72656087   1
   -8.22745173   -4.06710822   -0.98012761   1
    5.97687573  -12.49028279  -12.70723899   1
   11.13658889   -9.14257701   -9.73020254   1
  -13.06558024   -9.48317976    9.95141851   1
   -1.17402360    7.26129013    3.10145123   1
   11.76275588   -3.41294058    2.80794528   1
   -7.16056981  -12.35646329   12.17001979   1
    7.31936708   -9.82813268    9.32550999   1
    1.57704685  -13.32406250   -6.49818264   1
  -11.63814326    9.68624170    6.17834745   1
    2.54109014   -6.39376672    3.57342252   1
   -9.59412051   13.49637294    8.78790398   1
   -1.95353078   -4.18171304   -5.43697655   1
   11.58178782   -9.58964445    7.97209212   1
   -2.08579712   -9.53986900    3.83519167   1
    8.25589834   -2.34392853   -8.87707427   1
   -5.10007747   -6.60141976   -8.94475957   1
  -12.37944441   -6.02541465    2.79194921   1
   -6.62824827   -0.79635487    3.04519832   1
   -2.68834658    1.68323814   -8.43327794   1
   -5.81302335    8.41692682    6.40714864   1
    0.79819339   -4.21957244   -1.64291926   1
   12.70628652   -9.29956521   -5.08896424   1
  -10.20791508   -5.06491826   -0.15776935   1
  -12.66208345    5.52477430    5.76022115   1
  -13.60339936   -2.15054380   12.69144450   1
   10.99984210    3.05690047   -5.71944535   1
   -2.01135636   -2.37450774   -3.61945427   1
   -6.09416453    1.06022796    1.66618575   1
   10.34962077    3.46055933   -0.91658455   1
   -9.56063375   -3.02391855  -10.32979552   1
   -6.39824348   -7.11520948  -10.83794084   1
  -11.30594364   -2.26100997   12.48190320   1
    3.36335921   -0.64646092  -11.45254409   1
    1.30324196   -9.78943274   10.13994283   1
    3.94120812  -11.27106662   -1.29156489   1
  -11.59174255    5.86367185   -8.32096564   1
   -5.70994491   -7.28929121   11.26239624   1
    3.61342201   -2.69869266    3.43041616   1
   -9.45752312    5.74425228   12.35135920   1
    9.15082006   10.71654180    1.85838441   1
   -0.71370730    5.70942869   -5.74356294   1
   -1.54448820    7.85775937   -9.22724239   1
   -0.37251830    5.37373328   13.07685925   1
   13.14432339    9.06616135   -2.53975144   1
    4.62870396    9.41521034   -5.23446080   1
   -2.92430400   -5.41782617   -1.03970668   1
    0.13975160   -9.68051523    4.63634295   1
   -4.63411339  -11.08308951   -6.94120702   1
   13.32822713   -1.79787589   -9.46269516   1
  -13.35272856  -12.50178470   -6.35248261   1
   -1.68621852  -11.80981638    0.77891707   1
%endblock Atomic_Coordinates_and_Atomic_Species
%include basicinfo.fdf
