                -29.0077162004
          0.000005277       0.000000388       0.000001668
          0.000000388       0.000008724      -0.000005661
          0.000001668      -0.000005661       0.000006309
           8
  1     6      -0.072526709      -0.018843609       0.007578948  C
  2     1      -0.003897615       0.000975166      -0.003025604  H
  2     1       0.004363766       0.000384096      -0.004496233  H
  2     1      -0.002870316       0.004450244       0.008195178  H
  1     6       0.094069522       0.125677701       0.146406431  C
  2     1      -0.000974541      -0.079372845      -0.046776569  H
  2     1      -0.023197374       0.069432743      -0.161201918  H
  2     1       0.006768963      -0.104298707       0.051875315  H
