 run_id:         1000
 total_energy:   0.000000000000000E+000
 P   27.8481184348615        27.8481184348615        27.8481184348615     
      1        0.75444795        0.00492459       -0.00487791
      2        1.15716035        0.76286300       -0.76407726
      2        1.17255433       -1.02455954       -0.28520179
      2        1.17247161        0.28675304        1.02424730
      1       -0.75590707       -0.00492243        0.00483106
      2       -1.17379158       -0.28675450       -1.02432028
      2       -1.15854166       -0.76277997        0.76409381
      2       -1.17381778        1.02460551        0.28506553
